10,227
10,153
10,241
10,178
10,123
10,82
10,268
11,10
11,24
11,13
11,4
11,26
8,11
8,13
82,6
82,5
82,4
82,3
82,2
82,1
82,0
81,7
81,6
81,5
81,4
81,3
81,2
81,1
81,0
80,5
80,4
80,3
80,2
80,1
80,0
79,4
79,3
79,2
79,1
79,0
78,4
78,3
78,2
78,1
78,0
77,4
77,3
77,2
77,1
77,0
20,3
20,2
20,1
19,3
19,2
19,1
18,1
12,3
18,3
12,2
12,1
11,28
14,1
11,27
14,3
11,22
13,1
11,20
13,3
11,19
11,18
11,16
11,12
11,5
11,3
11,2
11,1
10,279
10,267
10,245
10,244
10,230
10,155
10,147
10,137
10,136
10,128
10,117
10,113
10,3
10,2
10,1
9,7
9,6
9,5
9,4
9,3
9,2
9,1
8,17
8,12
8,10
8,9
8,8
8,6
8,5
8,4
